,5,6,7,8,9,10,11,12,13,14,15,16,17,18,19,20,21,22,23,24,25,26,27,28,29,30,31,32,33,34,35,36,37,38,39,40,41,42,43,44,45,46,47,48,49,50,51,52,53,54,55,56,57,58,59,60,61,62,63,64,65,66,67,68,69,70,71,72,73,74,75,76,77,78,79,80,81,82,83,84,85,86,87,88,89,90,91,92,93,94,95,96,97,98,99,100,118,119,120,125,ViolentCrimesPerPop
5,1.0,-0.04622818605793003,0.2322345328805453,-0.30153957566491923,0.1815259948834175,0.15614854385359336,0.006382873329200052,0.13026350859956526,0.07554149873536392,-0.10189721665937122,0.9931222218758156,0.23936580817286518,-0.10185314132949,0.00425673614555397,-0.13065457132481398,-0.15098718620087473,-0.12013414170996847,0.1776782095,-0.09390337585705676,-0.10560825166313781,-0.05580121618679351,0.03700746174183478,-0.05977958235449761,-0.01737798465239857,-0.08100001243996097,-0.031002369024194492,-0.08290590296369078,0.9476127575732345,0.16259734400561754,0.03687305604954211,0.057156162879989744,-0.0034693962834449546,0.1458365129830816,-0.005487491021333375,-0.10635422872923611,0.021847090056542066,-0.029425590733972582,-0.02132638325048137,0.23278165350891925,0.24757691205961666,0.2586847290040865,0.2482752187442631,0.08667036506059661,-0.2669268656382975,-0.2741535748619063,-0.22741859992127295,-0.2639374869188724,-0.0370905696020212,-0.09021579666361566,0.8852031717085402,0.333529406930001,0.7415799362457866,0.13968702632862084,0.15623396546652424,0.18280763578036205,0.20745927040797246,0.19968826403397583,0.20114077647638412,0.20718770137061354,0.2115742649709968,-0.16828293191340568,0.1815418428293801,0.1903213799079204,0.12356602249479823,-0.036623343509837356,-0.0036034064849907446,0.03160127007946373,-0.2478949757157781,0.20590615999872797,0.21846865554715716,-0.20521012104963046,0.8963247930173931,-0.09006628265496552,-0.25314062359897893,0.3262404833731947,-0.08524567043242048,-0.05674370183909758,0.061649022599404635,0.10832962502938513,-0.012269638467206023,0.000558510238377184,0.018458853847052106,-0.006717821632613067,-0.010063359255938192,0.0038737027177382327,-0.024876435282117713,0.13054322410266841,0.08320847067471934,-0.03773457775673277,0.8212358623242157,0.6517863310683817,0.17263730937273153,-0.1250079923791879,-0.12358376167807618,0.0017611296694561402,-0.08955869094726045,0.713643443548724,0.23183787342871107,0.27030510421642384,0.46632229482731163,0.3671604806184996
6,-0.04622818605793003,1.0,-0.06647250883015766,-0.23676600078641763,0.20185758607318452,0.46858147652962967,0.5205227407364057,0.36723455399194366,0.29515434455835565,-0.6125999951297798,-0.04771440118179073,-0.01615055878171157,0.20920110639729458,0.44018707914337063,0.18266822318161166,-0.15542006446012957,-0.45129776617376044,0.11586969270198187,-0.3247046571365455,0.11116169495776365,-0.13097891290316957,-0.1317475717515762,0.042305762297388104,-0.008043027097406697,-0.055760043263590846,0.01671997501174724,-0.08479106390980622,-0.030152265210271915,0.055781624325724984,0.17247192042242887,0.10050513886688596,-0.033503280499517556,0.14466702842387946,0.1128808435902061,0.023180407929859072,-0.08392064529752545,0.05459892174797296,-0.07495785279048037,-0.44935273277935406,0.1549288901199451,-0.349007116299948,-0.4092147818737834,0.845573330361246,0.2828594768910048,0.2053716316791496,0.19933081934740288,0.2695453112685851,-0.22556942933224372,-0.2685581528721234,-0.03130953215727892,0.02141651340177377,0.10575022752485641,0.028637199736319095,0.05165925872299763,0.06889696493313237,0.10323551184370833,0.275105331495989,0.2882901514931396,0.2955421507407638,0.30635842852431927,-0.41883532371668913,0.41598360880047786,0.661634552278344,0.7411320348037874,0.8929728467729113,0.8249863124323923,0.7255297666978563,0.13796063109085865,0.5016516347692231,-0.3317937890431036,0.22181196725773417,-0.17565256684892083,0.22998680793616624,0.1927885567785993,0.05162001631407,-0.03668794088316839,0.25379117866456985,-0.007664622491695548,0.14383747752885867,0.13438732427990485,0.12354590158978357,0.10023787626919552,0.14973016880988116,0.1676793485541366,0.17947920894416095,0.18101806933082396,0.13061322462270167,0.24799496892687908,-0.09605848805108458,-0.08224460432499402,-0.04307234969903145,0.3109617701587252,-0.04898279724371314,-0.05762534324014491,-0.10288295502994457,-0.0031247818608448924,-0.015138097191150862,-0.004214427785154019,-0.051636695609428455,-0.09447738183326983,-0.03493363830723265
7,0.2322345328805453,-0.06647250883015766,1.0,-0.793862876899735,-0.10592520292103724,-0.06583726994189547,0.12248451186780536,0.15491593498565306,0.1350427251799716,0.05168553276095989,0.2248388226894871,0.0012161590847470179,-0.35967729600084813,-0.2255413582312056,-0.1537271663283619,-0.49262996408746407,0.11048865306795742,0.443226011649757,-0.07267517061055272,-0.35896747194081585,-0.28624356445551435,-0.10236731229934158,-0.25407313420162275,-0.04745615456725124,-0.1162631832275525,-0.10616719565069795,-0.15436606766059732,0.32333963560573803,0.48837083511869184,0.2861768807693788,0.36710421637226304,-0.17988516016778877,0.38597616806085133,-0.2713565771339525,-0.0169301212896879,0.09796975899828098,0.235261672457138,-0.19685837601715064,0.4035702783081047,0.28565665353254166,0.42893993812686865,0.43224378832797017,0.04650878420005508,-0.6998501064713006,-0.7356218993233753,-0.654320077300109,-0.68910541534899,0.16805169784246374,0.07564654263594092,0.40375686566982616,0.8099757670672713,0.07702310897018702,0.16656640163374342,0.196177449022425,0.23008295592629086,0.2524130141667287,-0.03681875388999486,-0.027873865889463226,-0.023743708716291074,-0.01892480720343479,0.095038572007305,-0.04588278544278543,0.1859720153491072,0.10929456936897512,-0.11129721552034245,-0.17104577849298655,0.10801818232319142,-0.3772101748585954,0.1588782416321886,0.23558664931133522,-0.14713981364032738,0.28089699883882957,-0.25193855372358065,-0.34006842960610245,0.47335206469049673,0.1671316191746306,-0.0855181656269193,0.484771802088719,0.3015734788767121,-0.287078473385841,-0.2690737395099707,-0.24553095640118935,-0.3197515113298759,-0.3033500401901939,-0.2921842865014425,-0.2780483322831796,0.19166103720633773,-0.07009754433155171,0.2186414221345119,0.23036010862762274,0.16791613847361214,-0.09696602669240435,0.09196096901513574,-0.04721571507128669,0.05490040929639942,-0.0038516132427757507,0.15050288786284668,0.09618265354368974,0.14817619373062751,0.26207999264750903,0.6329044255160806
8,-0.30153957566491923,-0.23676600078641763,-0.793862876899735,1.0,-0.27137898113499037,-0.44537113570934433,-0.1941369480424767,-0.2679203378407045,-0.18447026195354496,0.13763554333149414,-0.2961595785669026,-0.05409008208084217,0.3077631281282018,0.11555127372814242,0.0974151236261088,0.5958005161720231,0.06843545727576467,-0.5885998417957257,0.22868302542275626,0.34247472294946585,0.3145455868245119,0.12318972438818902,0.18696722934869883,0.03905541960280666,0.14564926445212978,0.10499814819305091,0.21485315494674842,-0.37690968968868405,-0.540937785502625,-0.4703036537920066,-0.48538049072579925,0.21805236292284141,-0.5161877770897666,0.25391913502381286,0.03778859732442762,0.028091577956676782,-0.2637091860388093,0.26116213975404245,-0.34130763532301883,-0.37849730664454767,-0.44648431699372615,-0.4071960115383857,-0.39729072883935457,0.6372647111012757,0.7013677352425524,0.5957510619711548,0.6132876806230007,0.01066675862126932,0.15902234953571745,-0.4212292742962141,-0.8029233772265366,-0.30920908835956856,-0.23629478606364634,-0.29875823731038603,-0.35872376781905113,-0.4187041658015911,-0.4049435419781521,-0.42547804958958957,-0.4396181299419665,-0.45183191628746683,0.4230181842243118,-0.4556964667633327,-0.5925218742186998,-0.5234715860335364,-0.21516753091916108,-0.11779923469589564,-0.47076654481140057,0.508895503711536,-0.6406506326379868,-0.3695808281343751,0.28110388979583617,-0.28146081922734734,0.17725382250337476,0.4414285809223948,-0.45100139190152977,0.008710099525957301,0.01685650454999079,-0.4806654107947545,-0.41824130432904416,0.09030446712682728,0.07211011857235855,0.06042463220558759,0.12657521686121626,0.1253130773368935,0.11956150466694206,0.12471233731158946,-0.33944224198567347,-0.17355757517658926,-0.05744593673533459,-0.27839835825407855,-0.23946449813054504,-0.3744244081057024,0.11521554105181071,0.1665186259667633,-0.018589017359365783,0.03311360965157248,-0.13180235496482526,-0.3385005003118139,-0.2164437861297921,-0.2770072683348128,-0.6856310081789305
9,0.1815259948834175,0.20185758607318452,-0.10592520292103724,-0.27137898113499037,1.0,0.2665975017625116,-0.024987821346537264,0.10052436601966086,0.052632117477409215,-0.2718018774290698,0.20045734850748534,0.2690369710779741,0.36271291709612763,0.31047193236535375,-0.08753900010587455,0.16598227466414514,-0.36942867616844366,-0.05843554387658501,-0.17398303295556575,0.3532012695102609,0.31877796386580015,0.35557226358837385,0.2999272724247302,0.11480696403364035,0.09589513804817465,0.19271486071000934,0.19960239127248788,0.08970679501162648,-0.1730537834455884,-0.16161420630783388,-0.2377970717034784,0.3188761425625892,-0.15839987109533835,0.24591705074235987,-0.09848503294921372,0.010999496486280597,-0.28287680842995994,0.28620868890033746,-0.11054159718248938,0.20824777830623517,-0.013590829869320411,-0.06680793301517211,0.20538001781807697,0.14579697214561305,0.1296834228945374,0.19166277908226637,0.11093732576687491,-0.1562201512288601,-0.17919750470587645,0.06827087851821426,-0.04638742821262291,0.3816967033257736,0.19339707125008146,0.22735174556014495,0.28912733076102165,0.3160512134062454,0.646910251484543,0.6485158596731435,0.6766988603427335,0.6729774684845036,-0.47116611800316927,0.392993964975047,0.24366912056530565,0.23805929587736913,0.21354639205452633,0.2074281724457288,0.2266462060420909,-0.12472313995027753,0.3516865024490967,0.059448557632107456,-0.08458487468989649,0.038811185340610024,0.24866332893480153,-0.10982064202253736,-0.13621763583275026,-0.38924810891149547,0.0742978018736068,-0.3048014704237056,-0.08056437976785956,0.5847499389272623,0.587473932927513,0.5741344834478045,0.568032374048951,0.5469452890782123,0.5375099484393289,0.5098704630035865,0.1788566711046952,0.3984432611249137,-0.2289240827990347,0.13125243691853727,0.16938441111868244,0.6573519945695475,-0.4050634639141549,-0.1892645000287892,-0.1946463434554354,-0.19811428218974725,-0.001163719595244652,0.389828387792153,0.2968052568629915,0.10176861744254227,0.037614439537711694
10,0.15614854385359336,0.46858147652962967,-0.06583726994189547,-0.44537113570934433,0.2665975017625116,1.0,0.14578319426880165,0.20572024363363486,0.08623882355205871,-0.22750357173432345,0.1538188857641084,0.03787192939897359,-0.14091695714853325,0.019141433627155906,0.08294695999456671,-0.4176120483014402,-0.15695293916981104,0.42079855358634793,-0.2620146238824508,-0.2052085290720379,-0.2423523905447112,-0.2006906094482525,-0.06415414081686809,-0.00997314467461882,-0.11394617969726611,-0.0963800131898818,-0.23985470149702026,0.19644495573084603,0.3158245534736885,0.5437498696298981,0.4558884962050148,-0.2598046539953802,0.43400541133544,-0.14186807132433243,-0.052985713640019375,-0.24093050264458424,0.2059946408782039,-0.2914245725103016,0.06272188319659514,0.17320363530566063,0.18510936597419553,0.12515780776053004,0.6104277362116975,-0.13805001708310574,-0.20587817838140368,-0.14271884318853062,-0.10653852564667117,-0.27988078836218566,-0.40453342110295254,0.1430455728247288,0.23835095527659478,0.3776685721767248,0.08543047339109014,0.14472193438823985,0.18374529342821677,0.25838962647154196,0.6259139028222179,0.6524123345671676,0.660005098518775,0.6811155024465887,-0.8907587963520627,0.8927938169554134,0.7592495606345753,0.74623661933879,0.5079743909105503,0.42105408901716235,0.6417480965949305,-0.3266832111634316,0.8793940047521595,0.33285893251273324,-0.29403364941083926,0.10445574247236068,-0.08028341998613703,-0.2617289011081894,0.1642739509867342,-0.1572786353754352,0.09194381809450833,0.27452056015788157,0.3699840572551088,0.07919873392716568,0.08532355033497303,0.07635112364065533,0.07067782619499699,0.05564974403150292,0.05983226824384624,0.02816313247443523,0.28733964706282517,0.3369235149818048,-0.11209603564338623,0.11396156638705456,0.15767230348140945,0.684125847893308,-0.2619485611991608,-0.165462947509146,0.014792854695427854,0.0003748004365088441,0.011568225551709643,0.3700019753470604,0.07823608220814611,0.12525505343443233,0.29306483944594025
11,0.006382873329200052,0.5205227407364057,0.12248451186780536,-0.1941369480424767,-0.024987821346537264,0.14578319426880165,1.0,0.8225479309063127,0.8946055891378409,-0.4110826945172825,-0.021343203164522127,-0.2400625925246197,-0.2967824548553061,0.11995605167554903,0.2654896687242481,-0.279114947297228,-0.2579663772927223,0.21352346572505096,-0.31208039433880785,-0.26618362032419085,-0.4050839737438577,-0.38418765321596504,-0.28380186781984396,-0.1573834429642988,-0.26531663496919183,-0.17401006019338838,-0.3113745417273693,0.08640509284843585,0.5008188481106958,0.17431550676643864,0.1201031538709437,0.02383596498477309,0.27344477021619923,-0.19189973477000427,-0.10715427008394725,0.34651810382997594,0.10871671455629438,-0.10911779277697439,-0.20720704676460458,0.5608403404247571,-0.13251504126246952,-0.1698359231376241,0.29736315612233505,-0.1393322235097238,-0.1489220756956666,-0.1665360423915582,-0.12360460850455514,-0.010588712185252416,-0.05057951922818944,0.03269656237568949,0.19211617007046958,-0.009816768333150342,0.37725895364497347,0.37677665433657453,0.35907122186925733,0.3354260204143701,0.07418555994660127,0.053780346284674874,0.035652947979738184,0.023162583222101938,-0.050993079448299436,0.0778820479541007,0.27113627641630245,0.27287036122864067,0.2273767415130071,0.2330348124413396,0.27017002006822444,-0.27415850756418136,0.2227025409717604,0.024513119544008654,-0.07918952022383595,-0.04719904918840805,0.027777375581833033,-0.26062018599898706,0.12192940756589034,0.035277952284122345,0.10421021684521449,0.2798500963002157,0.17394226244509933,-0.25872829346108334,-0.24972995032918274,-0.24226734353306736,-0.29703224694159225,-0.29933732767935,-0.28704378549926685,-0.30726906731546105,0.27304851571464983,-0.17114478185800047,-0.1213434606953463,-0.005873808405950369,-0.024934353878108217,-0.06850555366958469,0.08024881743268109,-0.3572666886477193,-0.3613716880730537,-0.15059961931418436,0.025747729174448203,-0.09572831765982019,-0.1732653601453321,0.0013211921753324514,0.06047917176629578
12,0.13026350859956526,0.36723455399194366,0.15491593498565306,-0.2679203378407045,0.10052436601966086,0.20572024363363486,0.8225479309063127,1.0,0.9337266785263345,-0.5205056288130107,0.11246959739130157,-0.09046302408795111,-0.34334689939478114,0.2593525088236206,0.12473554833156811,-0.35763573283416383,-0.42077267429886356,0.19282914143703578,-0.4244395281665984,-0.3084243008533131,-0.41434373181235834,-0.3786667393481612,-0.26003508581643753,-0.14995123343222272,-0.32511852940655733,-0.15127152066700986,-0.3214036635142315,0.17773054565487778,0.45556427901475205,0.1474938795072028,0.10437328272254456,-0.00022466961825049766,0.2305849197775796,0.006028326655790681,-0.10163237707444926,0.22345933956151742,0.09739410062738699,-0.15804728945935972,-0.008549075822391655,0.7619835835759797,0.0746954062495552,0.03176542660584996,0.21324418117125052,-0.2562880726291163,-0.24921637951880896,-0.21062784877213164,-0.25427155273683766,0.08295726746456672,0.0328317650432078,0.12573315162865226,0.30595167899985637,0.11426316340858267,0.4771228552141754,0.5026175638156605,0.5041777315869277,0.4934453962397547,0.25212229139050457,0.23507626820445307,0.2142237726986826,0.1997312412969214,-0.1493940786963204,0.18011481467285784,0.26003045085363813,0.223148782347551,0.08113024067298788,0.1408763476211186,0.20233137533892806,-0.5786035307645154,0.3039587012530647,0.3116781232515882,-0.29829048146490195,0.0660715794513847,0.016335846856874565,-0.5873206813670915,0.09981119000463916,-0.14896090212133506,0.08122479132026497,0.22073765424157182,0.15043532164621803,-0.17860760544797286,-0.1783909405805143,-0.18441341432321204,-0.15961875640333936,-0.1947704419695217,-0.19512174022402104,-0.22406113788872034,0.2752214738840454,-0.016589498485864385,-0.08932778743930264,0.10068601887859839,0.06846859946849387,0.07739539966003155,-0.04718945450147048,-0.5589526416287159,-0.5058447714022187,-0.31751334236159223,0.06240804698252145,0.11956457291035859,-0.023670973343902644,0.11717890604055427,0.15336194985147947
13,0.07554149873536392,0.29515434455835565,0.1350427251799716,-0.18447026195354496,0.052632117477409215,0.08623882355205871,0.8946055891378409,0.9337266785263345,1.0,-0.3229916132972879,0.05448482824272412,-0.13929726889789895,-0.3272124365950106,0.10310248683731738,0.1449416982582438,-0.22182078202195118,-0.2331908977634939,0.15136567766284262,-0.2714777562263614,-0.2596946416739362,-0.3423438387894504,-0.31500881707414563,-0.2620096202655381,-0.15115250115053275,-0.2755436193554929,-0.16156822388400832,-0.27932736944464,0.1356755943169497,0.47226667814660683,0.11156227187095286,0.06395163404393425,0.09386537941082437,0.20205608950910667,-0.15085597513556548,-0.1566630364023072,0.3932188143647929,0.030888723659301103,-0.06282717640198453,-0.1050247653697566,0.7721227222591248,-0.05010023039305296,-0.07926821779075081,0.05644695583304962,-0.23327405303270335,-0.22152709877185486,-0.19782233268835878,-0.2282768179637142,0.06005495071567394,0.03308114288520192,0.08035797019020563,0.2458278053815458,0.0535288098935948,0.48143966199366395,0.4892111480545732,0.4709990067921853,0.4354014867153677,0.17786108170695683,0.1523013578206212,0.1280896000503708,0.10783845971632575,-0.0535811481141773,0.072299973766922,0.12734926372694577,0.09326692451439916,-0.043889884969468836,0.005683398405927506,0.06575129351910697,-0.478112890339709,0.1719135393265691,0.2577510383294136,-0.26791508754462345,0.0354267427189083,0.0008670405059520253,-0.4878945131390741,0.06574628835720385,-0.07621042675828438,0.005384763491102287,0.20148919864030806,0.11567523125824218,-0.16623836503067382,-0.15882881466173548,-0.1525448366932549,-0.19785208204333132,-0.20751554111693532,-0.19799631027341108,-0.23477963574056876,0.3374105400831989,-0.09893747201448112,-0.07857917068532265,0.0680042981742445,0.03699457860186124,0.005417591673096666,-0.013581093645924662,-0.462830001472987,-0.47901749138887745,-0.27445604583866734,0.03158733700460335,0.045873618693714785,-0.040520224757630306,0.083107907218278,0.09934381692683958
14,-0.10189721665937122,-0.6125999951297798,0.05168553276095989,0.13763554333149414,-0.2718018774290698,-0.22750357173432345,-0.4110826945172825,-0.5205056288130107,-0.3229916132972879,1.0,-0.10588259263055495,-0.11073833938972981,-0.289694296872048,-0.8386964238262974,-0.15879821638366035,0.07621725782967934,0.941796543431612,0.14220347885490853,0.6579996300699796,-0.2246839598183038,-0.030756768977836715,-0.033369602783299514,-0.17025225444814113,-0.05040831210933958,0.0499290501339781,-0.11277693486782549,-0.030227706609788314,-0.06234718642491726,0.09879951523065623,0.19697706058495906,0.2709291007890991,-0.21850405134617149,0.12798964277877298,-0.6142304831636025,0.012436940073466178,0.08600084266521382,0.14564697142378302,-0.13716332908017448,0.1857448683658311,-0.22126397271544757,0.0643985678225707,0.13181575406258642,-0.5725989833559897,-0.25583078535351805,-0.23671674974835236,-0.24005827243655026,-0.1981445608222534,0.00672045632908424,0.020830901155457878,-0.04997572331929836,0.008515991451223465,-0.11403387441358415,-0.17839590128045008,-0.19991432780974702,-0.2386012450139211,-0.2637932755886936,-0.20573634088984818,-0.20474827908462342,-0.20981352313641066,-0.20893534176844264,0.1649201806689529,-0.16259620562550578,-0.30361034344730065,-0.3460192085835503,-0.5872431338450415,-0.6513821897469434,-0.4040896894918462,0.049911260984742266,-0.25311301763491256,0.2562383936946688,-0.16377380414280585,0.038799328840445714,-0.2776339311108292,0.0593917902390673,0.024232514558569465,0.2560851290413034,-0.4210880099993138,0.15165594247988504,0.04513041711767995,-0.15899003542315343,-0.14963639189021052,-0.12857252213657785,-0.2604765274375561,-0.2251027369548072,-0.2188419686012834,-0.22553392347618573,0.06480021711745756,-0.215050881242001,0.2030159727783526,-0.03210165631583906,-0.03658464240593256,-0.13962103164626458,0.14934293441384697,0.3941052600200894,0.37269273265317443,0.25546891452434606,-0.12416943160459387,0.0156824580044986,0.007001730380667194,-0.00999832908868937,0.06719944467032153
15,0.9931222218758156,-0.04771440118179073,0.2248388226894871,-0.2961595785669026,0.20045734850748534,0.1538188857641084,-0.021343203164522127,0.11246959739130157,0.05448482824272412,-0.10588259263055495,1.0,0.3334490025009209,-0.0648960238001452,0.02675681099320493,-0.16021924460071787,-0.12392122180178577,-0.131330083862625,0.15030076392104205,-0.08496585752156366,-0.06997393453834423,-0.021068927357253273,0.06983110715247652,-0.030828154220287243,-0.0051788164828044025,-0.06874397581738434,-0.014630158967731207,-0.05431957481886946,0.936136241008092,0.12498647121947615,0.012516959178632853,0.033634865439765,0.015500973126837745,0.11736976688652621,0.023176522241995807,-0.11065704384535177,0.014320550422855096,-0.054887386341261044,0.00017701939174452058,0.21876205899216175,0.24518344908368198,0.24802449980368454,0.23572737254341083,0.08858699538363805,-0.24905771576267655,-0.2563685906744588,-0.20287336833822175,-0.25165881854332073,-0.04035589846298963,-0.09111467225562792,0.8767824435190451,0.3238864570760883,0.74058373558674,0.12725727936672254,0.14552760256196254,0.17474601638244133,0.1991647601644251,0.21362339450714918,0.21617436285407018,0.22354534762826556,0.22839778004406158,-0.17803156229138936,0.188119103115398,0.19032826962149482,0.12510640348443994,-0.02881794961252598,0.011051765583842263,0.023021347030659993,-0.23006694886606055,0.20148515349071724,0.2080550734412109,-0.1988554476813029,0.8876165892783926,-0.06725266800038668,-0.23859220084938074,0.31611159263786986,-0.11001764403631561,-0.0596207573987428,0.01995272106557007,0.0859125029095405,0.021070449721611127,0.032631414457467714,0.04899802208094418,0.03221148017161349,0.027981345646771776,0.04105813484068104,0.01254727559867822,0.12164604860456396,0.1021807501076906,-0.03865370912234712,0.8135750481949264,0.6473469047069954,0.19494598554098985,-0.1400073583164395,-0.1049988943343921,0.013586825892066778,-0.08947456688714014,0.6934394376439664,0.25804355810974566,0.29811055915730084,0.478129078331993,0.3629116946380404
16,0.23936580817286518,-0.01615055878171157,0.0012161590847470179,-0.05409008208084217,0.2690369710779741,0.03787192939897359,-0.2400625925246197,-0.09046302408795111,-0.13929726889789895,-0.11073833938972981,0.3334490025009209,1.0,0.34310008677927617,0.2553359775031568,-0.3731976040509159,0.22672328015891266,-0.1931906203300131,-0.22342476723949906,0.06598764718205867,0.3308031145440364,0.33718794313458605,0.34794675758622273,0.2749765146027701,0.12642108120576098,0.10263523449828515,0.1841924738418516,0.25723196097129325,0.1679313500765071,-0.3177831213605929,-0.2702549294379976,-0.2518877133258791,0.2148106816423909,-0.22924117874996944,0.29215080672272276,-0.11183209302502371,-0.04550674141897927,-0.3071852337906688,0.23194783680230713,-0.060425813561386404,0.08233117423841738,-0.01532975849777242,-0.04012459135109716,0.04844915919167941,0.1026256310590754,0.09699993200633097,0.1774909205133989,0.04131408033960749,-0.06665009077233572,-0.06508666760717223,0.16620150123843602,0.01401812513848925,0.2015956732779247,-0.03830384543721627,-0.024142100203396858,0.008684674405046581,0.01866972167062008,0.22608334023976404,0.23229306885185602,0.24524099620485285,0.25052361892445374,-0.16092757650027512,0.1285441187752432,0.055181642901791526,0.050005098884774335,0.0706477691356201,0.1474852872424538,-0.06280611122126135,0.06937276487672711,0.032508841655020784,-0.024398559552440892,-0.019617622709924468,0.19586035713887992,0.17223816150748233,0.03633291104088859,0.017378613767572045,-0.29661162813552383,-0.018457215138975015,-0.4101318496631361,-0.21185392350968799,0.3341432604707042,0.32541550365505384,0.31457959817607944,0.41108378202340756,0.3981943248038634,0.39226686458748766,0.38579574294037394,-0.015427612938722366,0.2268568862033616,-0.029807974456696223,0.15614991265412037,0.13154988862882508,0.2926318664442437,-0.23295209953413867,0.09725420519746146,0.07073940395589454,-0.07431685354873369,0.08091375067510166,0.3309052524274232,0.3434094053477969,0.25881693034124226,0.08204900976679068
17,-0.10185314132949,0.20920110639729458,-0.35967729600084813,0.3077631281282018,0.36271291709612763,-0.14091695714853325,-0.2967824548553061,-0.34334689939478114,-0.3272124365950106,-0.289694296872048,-0.0648960238001452,0.34310008677927617,1.0,0.6160184619521395,-0.048807162794641756,0.7577444910608284,-0.42103392847853516,-0.6561660565278564,-0.0729137313328959,0.9775970428543386,0.8941501337630879,0.8398269563090283,0.6745304741809501,0.2939738625882758,0.45795289544658146,0.4157496350717831,0.6393464916300399,-0.23793564184623342,-0.7910101398470155,-0.5957230565810347,-0.6831579942597095,0.6800473256461153,-0.6515419625829258,0.6400209773917181,-0.05158789378913057,0.02912744286368723,-0.6204289894896553,0.7262673239647982,-0.5583416188900111,-0.19995439370799772,-0.5373885725732399,-0.562271809364402,0.11159584437217805,0.7340755348012697,0.7197415228108611,0.7219237683387474,0.6275103351178897,-0.15005665708608334,-0.042034866614669396,-0.18329422303812443,-0.4879944620155975,-0.005342858064369706,-0.18201299684803462,-0.19980552319869663,-0.18100964766484554,-0.19759163181437836,0.10609042840655256,0.1053770204280314,0.12486400300051606,0.11875786025010628,-0.024747597266192616,-0.08281872451783877,-0.16155384351982569,-0.08194676877926478,0.31366793773484525,0.3828730091947651,-0.09423076113325515,0.6240618523357382,-0.26366478754502043,-0.6108229971022877,0.45194745881678533,-0.1885329632738778,0.38825322493448344,0.585624332847739,-0.36119814204585887,-0.213132965003612,0.1634038569905065,-0.726822052713898,-0.4115054397093734,0.7984817246644232,0.7903707700152598,0.7786960673097537,0.8095601355298409,0.8547500305737443,0.8561680524778026,0.8646230687592417,-0.23201726858974592,0.38057319193337447,-0.024985858057308793,-0.12339440821243726,-0.08396479135420996,0.22768607650107528,-0.24498724675256423,0.24958238773332855,-0.005568163364034023,-0.05146392140788158,-0.047549107557191404,-0.024034364480734854,0.2502574567069917,-0.12652387254039943,-0.4244216974810718
18,0.00425673614555397,0.44018707914337063,-0.2255413582312056,0.11555127372814242,0.31047193236535375,0.019141433627155906,0.11995605167554903,0.2593525088236206,0.10310248683731738,-0.8386964238262974,0.02675681099320493,0.2553359775031568,0.6160184619521395,1.0,0.07284724182516114,0.30822063612043676,-0.8979577342923584,-0.5516067885473583,-0.5164617625546222,0.5648850608390898,0.38429136101668054,0.34697451447428096,0.4060316690348891,0.15990916253452603,0.12188150999561209,0.27285229415677154,0.2976304962614585,-0.1070789109065514,-0.5190060873205803,-0.46038885486128217,-0.5442023650823609,0.43063867302398745,-0.5125311555149957,0.8606465821901276,0.0018881914728603073,-0.09672067457579178,-0.36918647107607805,0.38248147238051083,-0.3755466737535402,0.06345317473692984,-0.30218343733799985,-0.3514013307131486,0.366545184073604,0.5529238324031278,0.53942519661126,0.5618678947251485,0.45745147733516706,0.09804708103109297,0.16482337923269552,-0.09795680010585152,-0.28851435181744095,0.04455853144440261,0.05497271695808631,0.06364631611577311,0.09793235389244101,0.10390449402190736,0.15115013155032878,0.14891123237038556,0.15944240582651062,0.15517486920743617,-0.05751692044693435,0.006763734152836681,0.04212163010748598,0.10819311807694657,0.47458406013283266,0.5909357218889146,0.14522322827102202,0.22742587039497653,-0.01656929890410207,-0.4225623029776415,0.2917086085500004,-0.132440856380045,0.4110474408245644,0.18212513507189815,-0.2622415605447529,-0.3360460157756633,0.4035059707440412,-0.5014075251849688,-0.2909706332661159,0.4001359966866116,0.3804192865811722,0.3518812161049342,0.5411073416399166,0.5074844754671533,0.4949914283107382,0.5101734558123122,-0.26055669283287153,0.2679825764345266,-0.15565884318446366,-0.06825142026893984,-0.0467248472011028,0.14789587726055775,-0.20154571543028682,-0.1872242351711927,-0.30112493620177017,-0.24141754879224164,0.060993162085705745,-0.034847583349702414,0.08425440841531767,-0.0649952724159986,-0.3057627424581661
19,-0.13065457132481398,0.18266822318161166,-0.1537271663283619,0.0974151236261088,-0.08753900010587455,0.08294695999456671,0.2654896687242481,0.12473554833156811,0.1449416982582438,-0.15879821638366035,-0.16021924460071787,-0.3731976040509159,-0.048807162794641756,0.07284724182516114,1.0,0.007488109481215863,-0.11789044171052572,-0.030052121847829658,-0.27947688625300354,-0.04011300502480159,-0.06911099791828952,-0.0815971222417105,-0.11538833790407595,-0.04522176706475383,-0.046649537518370886,-0.08738784665831996,-0.11639570739785632,-0.10029328002119169,0.14224163399441966,0.08857413053247541,-0.02787258981431156,0.09899146052839428,-0.02202509170371267,-0.0108354864196996,-0.1472701590689415,0.15447120275882537,-0.054762216912581,0.0657337545147778,-0.17966657270266326,-0.07356455985398339,-0.15983901283789734,-0.17158499440687355,0.1026821354946432,0.1844096070374727,0.17461068290105644,0.1318480940616379,0.17210487933527496,0.06256511990401481,0.039215283583079366,-0.1400796530405147,-0.1839184567477334,-0.11743264017372926,0.09280743488933003,0.07862897392094421,0.0872350636421978,0.10025707151745913,-0.07607187403037773,-0.0858639770857181,-0.09029442173048108,-0.0939073611278749,0.012688828669843718,-0.010946928459769356,0.04649952884050144,0.07280830404741992,0.11927878497834275,0.08717178542230837,0.12437512809910028,0.08201420406422731,0.041726153361887494,-0.12541044753799555,0.06440186549776561,-0.12371934121713456,-0.032890964574870285,0.09913910800172339,-0.06982969168627115,0.09871176961416182,0.24825647338346649,0.15599849108121147,0.05628713676852209,-0.11485140329284521,-0.10183955144251547,-0.08745030780665268,-0.1738959689366323,-0.16687923687264897,-0.15914985319666103,-0.16651195188851065,-0.08115305072469152,-0.1336613823917855,-0.15590786137446572,-0.1007425550783157,-0.08512883049686783,-0.12992816829235826,0.08140673610963968,-0.13852749332981895,-0.1622778798240597,0.011406995393687065,-0.011216108898665337,-0.26520467140861553,-0.2448654558797629,-0.1587626810140127,-0.15312262389481052
20,-0.15098718620087473,-0.15542006446012957,-0.49262996408746407,0.5958005161720231,0.16598227466414514,-0.4176120483014402,-0.279114947297228,-0.35763573283416383,-0.22182078202195118,0.07621725782967934,-0.12392122180178577,0.22672328015891266,0.7577444910608284,0.30822063612043676,0.007488109481215863,1.0,-0.08556931516058125,-0.7510083314863585,0.2030662215206218,0.8131296781492242,0.811534295255034,0.7224056901969721,0.4973306179738949,0.19549322535594751,0.3877037208995037,0.3102635032789622,0.5519643633358245,-0.2691392243086569,-0.7216303417227469,-0.6852724166231049,-0.7782329195238239,0.7358968647991863,-0.7312422655374071,0.4116982617716296,-0.13215700809065437,0.3099125857075776,-0.671592296257753,0.7696694058414156,-0.576180042505561,-0.16894868926347248,-0.6306553835089839,-0.6185739121808136,-0.33715338959990543,0.7024361047651886,0.7442708358338215,0.7064177538428988,0.6095742400707993,-0.024811310379958495,0.1263512125880086,-0.25203410715320057,-0.6344733351941869,-0.13106953629496845,-0.13544542672570223,-0.1981573026189896,-0.21855068144957854,-0.2788697850393617,-0.09542821301494986,-0.11894555474820885,-0.11702165563073436,-0.13654354385858414,0.2438661531529992,-0.34768890054038926,-0.5077671248805683,-0.4523044668439523,-0.14879147438739873,-0.034367368762966005,-0.5044246584088865,0.5938645392359341,-0.568473953419769,-0.48651104687704166,0.3490249761544937,-0.18402249898765455,0.3428318168434374,0.5200662492520308,-0.4530303024088643,-0.1376093617871154,-0.009607730853355943,-0.7525466262334736,-0.5071358393775538,0.5622975519529458,0.5590425238337531,0.5625061703186123,0.5693846000503943,0.5993208218291668,0.6059129147175676,0.5938868813128834,-0.2560725457588135,0.07251303304661659,-0.057661201460534134,-0.1381830629755023,-0.12510885528456753,-0.037754088299914085,-0.1346919002355978,0.2550473675205346,-0.053952463371656004,-0.07402698850312647,-0.07330700840979382,-0.11424727606330937,0.16106832752452585,-0.15432915448389797,-0.5764991093206082
21,-0.12013414170996847,-0.45129776617376044,0.11048865306795742,0.06843545727576467,-0.36942867616844366,-0.15695293916981104,-0.2579663772927223,-0.42077267429886356,-0.2331908977634939,0.941796543431612,-0.131330083862625,-0.1931906203300131,-0.42103392847853516,-0.8979577342923584,-0.11789044171052572,-0.08556931516058125,1.0,0.30969984509257936,0.6507778310597477,-0.374497153597663,-0.22729795343624656,-0.2265565729906122,-0.28854367367829975,-0.11807696908882864,-0.035296512274877866,-0.18480881874422447,-0.15491083352835366,-0.04805536765369289,0.24325448770796315,0.3563022259924661,0.44567965012191857,-0.3875278392104451,0.30103165492114714,-0.7284513221873112,0.08000260012490254,0.05257466769683176,0.3156667408770987,-0.3139570412540967,0.18302213798791295,-0.1855404525076277,0.06749382157665335,0.13294186768913588,-0.41016547588984853,-0.3280937159177277,-0.32288504796327355,-0.3412297676077433,-0.2496634306556759,-0.0209626968198671,-0.02654932852658032,-0.03534446366307088,0.09807734627564633,-0.14556962780202032,-0.19561916942035698,-0.21352226159535592,-0.26116107979199793,-0.2799063985491813,-0.2572011286932746,-0.25165655679490223,-0.2595270135535082,-0.25524706737699915,0.14427751902488267,-0.11936323678861305,-0.16232609975638693,-0.1996529208091184,-0.4543825690148078,-0.5399504400246183,-0.26669827898909876,0.03207293917314552,-0.16657902379384662,0.23869735324029231,-0.14699636742456965,0.00520071575253777,-0.2775860746175831,0.05582441099821963,0.13606211054298697,0.36250231481990003,-0.46330120776573863,0.2961257032552762,0.15397164094172405,-0.30471777097917596,-0.2988778230300417,-0.2831643559891237,-0.41953190275938135,-0.3766727599456454,-0.36469892343192184,-0.3699709811610718,0.102134959720878,-0.2849553023788054,0.25179350565729325,-0.0446910407107999,-0.05643679678341629,-0.19578438790580072,0.28224703116319844,0.4378092004312564,0.4341508610715251,0.356144384913842,-0.12696285490095444,-0.02420714531360434,-0.05810296463332171,-0.024630586504464758,0.11802634916733201
22,0.1776782095,0.11586969270198187,0.443226011649757,-0.5885998417957257,-0.05843554387658501,0.42079855358634793,0.21352346572505096,0.19282914143703578,0.15136567766284262,0.14220347885490853,0.15030076392104205,-0.22342476723949906,-0.6561660565278564,-0.5516067885473583,-0.030052121847829658,-0.7510083314863585,0.30969984509257936,1.0,-0.02201811767966934,-0.6846997675685212,-0.6381342770555368,-0.5388624438538782,-0.4278052282174861,-0.18922242985212037,-0.2656708954519328,-0.30956400612389623,-0.4538778944563166,0.3228488167417367,0.7818821545989774,0.7290353771904298,0.7728703443962708,-0.5705122768572114,0.8358036678825692,-0.6356423305325849,0.11070946544853617,-0.06873955924041157,0.5815329164188352,-0.5792518429300485,0.44980487456113666,0.24214981109804162,0.5117080148547998,0.497486070728234,0.3017611586957595,-0.7367901227504675,-0.7598067825953585,-0.7748015045261682,-0.6287812026598855,-0.19829271552118022,-0.3465183899889914,0.3157322286050362,0.6680965179818654,0.17937389869485093,0.11009846148050141,0.14739357992577282,0.14814690810448722,0.18289267430734,0.16038729974285398,0.17758476895437816,0.1728259062528415,0.18619641171524096,-0.3213511869058146,0.41439495920144304,0.5252532686139266,0.4590589182735437,0.09330334857911644,-0.019120295827254073,0.40022858077665746,-0.5387592397895661,0.5551485480593288,0.44664603401753106,-0.33239971324672085,0.17549307936198077,-0.22167288148226316,-0.4707399196797915,0.5028553542189022,0.17864585645797434,-0.25796591005011477,0.6921533048803903,0.5639215772670352,-0.39864349751029077,-0.3862170569756676,-0.3796946682349107,-0.5196946135989696,-0.49872289474158193,-0.4888301875489604,-0.507013701696411,0.3859156249437801,-0.07794167891674049,0.09656287178233569,0.21454780490568767,0.1660816893899904,0.12922888627880352,0.20418878109422106,-0.053343733994945235,0.21882353227158322,0.21038763996083018,0.03073032373571171,0.1978662474667221,-0.01594706449208828,0.17664375349233352,0.5753268019950788
23,-0.09390337585705676,-0.3247046571365455,-0.07267517061055272,0.22868302542275626,-0.17398303295556575,-0.2620146238824508,-0.31208039433880785,-0.4244395281665984,-0.2714777562263614,0.6579996300699796,-0.08496585752156366,0.06598764718205867,-0.0729137313328959,-0.5164617625546222,-0.27947688625300354,0.2030662215206218,0.6507778310597477,-0.02201811767966934,1.0,-0.05885877172470252,0.006939603826296025,-0.037752426748365174,-0.048682317080832045,-0.018868035967120573,0.045094154542702894,-0.03941289424946654,0.056056447150287396,-0.10456497496115987,-0.15347604620995522,-0.09652186606525437,0.012557407303267466,-0.1864160848004833,0.017262892796418305,-0.3861937587329807,-0.024785169727530785,0.03621446751541977,0.0067659073627450005,-0.086184875442521,0.017287037343573564,-0.2631678263235678,-0.07880579023216037,-0.0329183903748706,-0.38245234374384884,-0.008840854358723569,5.245063100709195e-05,-0.012641491356402182,0.028566894295313023,-0.0675109283296072,-0.0007138781764800109,-0.08807934932147624,-0.14976447047094243,-0.14358174522098402,-0.29368392584983494,-0.3299234513155253,-0.377729963367565,-0.42179516772727343,-0.28679683311949244,-0.2881395897759476,-0.2914404755800656,-0.29361703453976196,0.2379152456000798,-0.25135565411867294,-0.2655340693134742,-0.2587420914769359,-0.300597584230966,-0.36796111000916093,-0.2539782034571489,0.23907783119844178,-0.31437920042351986,-0.0708297087254809,0.08027501274116863,-0.03712373521726697,-0.054733591137110175,0.2511366288141892,-0.015104874779643437,0.16800438910080887,-0.2930765324576281,-0.1223217855906473,-0.14550497060895728,-0.0722131022654986,-0.08210601941748161,-0.08651290312630823,-0.09324464941224177,-0.07490826175013049,-0.07153319838656355,-0.06446016646193418,-0.0034628388524106904,-0.18536322705586009,0.03356707783248585,-0.07202420602217861,-0.0679475692069989,-0.20503132015242062,0.09471234807567579,0.37897683440309154,0.2602354209690771,0.1672771726625348,-0.05264239541180975,-0.08798100336032794,-0.040555648710876815,-0.05710271706001709,-0.09844125144943511
